4 11 2 8 6 3 1 5 9 10 7 
11 10 2 3 5 7 6 4 8 9 1 
11 10 8 6 5 2 4 7 9 1 3 
11 10 9 8 6 7 2 4 5 1 3 
11 10 9 6 8 7 5 4 1 2 3 
11 10 8 9 7 6 5 1 3 4 2 
6 11 10 5 7 4 3 2 1 9 8 
9 6 4 2 3 5 11 8 1 10 7 
7 9 10 5 6 3 4 11 2 1 8 
8 9 1 11 4 3 2 5 6 10 7 
11 9 10 7 5 6 4 3 1 8 2 
11 10 9 8 7 5 6 4 2 1 3 
6 9 1 3 2 5 4 8 7 11 10 
2 3 4 1 6 5 8 10 7 9 11 
10 4 1 3 2 6 5 11 9 7 8 
11 10 9 8 6 7 5 2 4 3 1 
11 10 3 6 2 1 4 8 9 7 5 
11 10 9 1 2 4 7 6 5 3 8 
1 10 11 9 8 3 2 7 4 6 5 
7 1 4 2 6 3 10 8 5 11 9 
1 4 5 6 3 7 11 9 10 8 2 
1 5 8 6 7 4 10 2 9 11 3 
2 3 6 5 8 10 11 9 7 4 1 
4 11 8 7 2 9 6 3 5 1 10 
7 2 4 1 5 10 6 11 9 8 3 
3 1 6 5 7 2 9 11 8 10 4 
3 6 7 4 2 9 11 5 10 8 1 
1 7 8 5 3 6 11 4 10 9 2 
2 4 6 3 7 11 8 9 5 10 1 
1 2 4 9 7 10 8 5 6 3 11 
1 4 3 11 6 8 10 5 2 9 7 
3 6 4 2 11 5 10 9 7 8 1 
3 5 2 4 11 7 8 6 9 10 1 
1 5 8 4 10 11 7 9 2 6 3 
2 7 3 9 5 8 11 4 10 6 1 
1 3 4 5 9 10 8 11 7 6 2 
1 3 9 10 7 8 2 5 4 6 11 
4 1 2 5 3 7 10 9 11 8 6 
2 1 7 5 6 11 8 4 9 10 3 
2 6 7 9 4 10 8 3 11 5 1 
1 3 10 11 4 5 6 8 9 7 2 
6 11 10 3 4 9 5 7 2 1 8 
7 3 11 2 9 4 1 6 5 10 8 
1 3 2 6 9 4 11 10 7 8 5 
2 3 1 7 6 5 11 9 8 10 4 
5 10 6 9 11 4 3 2 7 8 1 
5 6 3 11 2 10 4 7 8 9 1 
1 3 5 7 4 8 9 6 10 11 2 
5 1 10 9 4 2 7 3 6 8 11 
1 2 5 6 9 4 7 8 10 11 3 
5 1 4 7 9 6 10 11 3 8 2 
10 7 1 2 11 5 9 3 4 8 6 
6 5 8 7 10 1 2 11 3 4 9 
11 7 9 10 5 1 3 2 4 6 8 
